{
 "cells": [
  {
   "cell_type": "code",
   "execution_count": 1,
   "metadata": {},
   "outputs": [],
   "source": [
    "import pandas as pd\n",
    "import numpy as np\n",
    "import seaborn as sns\n",
    "import matplotlib.pyplot as plt"
   ]
  },
  {
   "cell_type": "code",
   "execution_count": 2,
   "metadata": {},
   "outputs": [],
   "source": [
    "df = pd.read_csv('creditcardfraud_normalised.csv', nrows=10000)"
   ]
  },
  {
   "cell_type": "code",
   "execution_count": 3,
   "metadata": {},
   "outputs": [
    {
     "data": {
      "text/html": [
       "<div>\n",
       "<style scoped>\n",
       "    .dataframe tbody tr th:only-of-type {\n",
       "        vertical-align: middle;\n",
       "    }\n",
       "\n",
       "    .dataframe tbody tr th {\n",
       "        vertical-align: top;\n",
       "    }\n",
       "\n",
       "    .dataframe thead th {\n",
       "        text-align: right;\n",
       "    }\n",
       "</style>\n",
       "<table border=\"1\" class=\"dataframe\">\n",
       "  <thead>\n",
       "    <tr style=\"text-align: right;\">\n",
       "      <th></th>\n",
       "      <th>V1</th>\n",
       "      <th>V2</th>\n",
       "      <th>V3</th>\n",
       "      <th>V4</th>\n",
       "      <th>V5</th>\n",
       "      <th>V6</th>\n",
       "      <th>V7</th>\n",
       "      <th>V8</th>\n",
       "      <th>V9</th>\n",
       "      <th>V10</th>\n",
       "      <th>...</th>\n",
       "      <th>V21</th>\n",
       "      <th>V22</th>\n",
       "      <th>V23</th>\n",
       "      <th>V24</th>\n",
       "      <th>V25</th>\n",
       "      <th>V26</th>\n",
       "      <th>V27</th>\n",
       "      <th>V28</th>\n",
       "      <th>Amount</th>\n",
       "      <th>class</th>\n",
       "    </tr>\n",
       "  </thead>\n",
       "  <tbody>\n",
       "    <tr>\n",
       "      <th>V1</th>\n",
       "      <td>1.000000</td>\n",
       "      <td>-0.097724</td>\n",
       "      <td>-0.121650</td>\n",
       "      <td>0.048906</td>\n",
       "      <td>-0.195764</td>\n",
       "      <td>0.039366</td>\n",
       "      <td>-0.030594</td>\n",
       "      <td>0.229875</td>\n",
       "      <td>-0.112812</td>\n",
       "      <td>-0.183000</td>\n",
       "      <td>...</td>\n",
       "      <td>-0.127609</td>\n",
       "      <td>-0.031426</td>\n",
       "      <td>-0.116673</td>\n",
       "      <td>-0.010840</td>\n",
       "      <td>0.229927</td>\n",
       "      <td>0.046927</td>\n",
       "      <td>-0.086065</td>\n",
       "      <td>0.039544</td>\n",
       "      <td>-0.179394</td>\n",
       "      <td>-0.063109</td>\n",
       "    </tr>\n",
       "    <tr>\n",
       "      <th>V2</th>\n",
       "      <td>-0.097724</td>\n",
       "      <td>1.000000</td>\n",
       "      <td>-0.110161</td>\n",
       "      <td>0.073169</td>\n",
       "      <td>-0.061484</td>\n",
       "      <td>0.020603</td>\n",
       "      <td>0.128665</td>\n",
       "      <td>-0.175978</td>\n",
       "      <td>-0.082691</td>\n",
       "      <td>0.091576</td>\n",
       "      <td>...</td>\n",
       "      <td>0.146151</td>\n",
       "      <td>-0.121138</td>\n",
       "      <td>0.066026</td>\n",
       "      <td>-0.030688</td>\n",
       "      <td>-0.143618</td>\n",
       "      <td>-0.082603</td>\n",
       "      <td>0.005770</td>\n",
       "      <td>-0.024786</td>\n",
       "      <td>-0.463937</td>\n",
       "      <td>0.166618</td>\n",
       "    </tr>\n",
       "    <tr>\n",
       "      <th>V3</th>\n",
       "      <td>-0.121650</td>\n",
       "      <td>-0.110161</td>\n",
       "      <td>1.000000</td>\n",
       "      <td>0.017932</td>\n",
       "      <td>-0.045608</td>\n",
       "      <td>-0.135680</td>\n",
       "      <td>0.154046</td>\n",
       "      <td>0.000853</td>\n",
       "      <td>0.159134</td>\n",
       "      <td>0.150053</td>\n",
       "      <td>...</td>\n",
       "      <td>-0.043062</td>\n",
       "      <td>0.273281</td>\n",
       "      <td>-0.037822</td>\n",
       "      <td>0.026395</td>\n",
       "      <td>-0.214339</td>\n",
       "      <td>0.071371</td>\n",
       "      <td>-0.113966</td>\n",
       "      <td>-0.117350</td>\n",
       "      <td>-0.162460</td>\n",
       "      <td>-0.390122</td>\n",
       "    </tr>\n",
       "    <tr>\n",
       "      <th>V4</th>\n",
       "      <td>0.048906</td>\n",
       "      <td>0.073169</td>\n",
       "      <td>0.017932</td>\n",
       "      <td>1.000000</td>\n",
       "      <td>-0.091374</td>\n",
       "      <td>-0.007930</td>\n",
       "      <td>-0.101019</td>\n",
       "      <td>0.043786</td>\n",
       "      <td>-0.145626</td>\n",
       "      <td>0.023243</td>\n",
       "      <td>...</td>\n",
       "      <td>-0.012613</td>\n",
       "      <td>0.001773</td>\n",
       "      <td>-0.002443</td>\n",
       "      <td>-0.054253</td>\n",
       "      <td>-0.032193</td>\n",
       "      <td>0.038373</td>\n",
       "      <td>0.000274</td>\n",
       "      <td>0.034047</td>\n",
       "      <td>0.104773</td>\n",
       "      <td>0.229448</td>\n",
       "    </tr>\n",
       "    <tr>\n",
       "      <th>V5</th>\n",
       "      <td>-0.195764</td>\n",
       "      <td>-0.061484</td>\n",
       "      <td>-0.045608</td>\n",
       "      <td>-0.091374</td>\n",
       "      <td>1.000000</td>\n",
       "      <td>0.110956</td>\n",
       "      <td>-0.139896</td>\n",
       "      <td>0.090985</td>\n",
       "      <td>-0.037048</td>\n",
       "      <td>0.087350</td>\n",
       "      <td>...</td>\n",
       "      <td>-0.045869</td>\n",
       "      <td>-0.115156</td>\n",
       "      <td>-0.054987</td>\n",
       "      <td>0.020278</td>\n",
       "      <td>-0.023284</td>\n",
       "      <td>-0.138154</td>\n",
       "      <td>0.014845</td>\n",
       "      <td>-0.149219</td>\n",
       "      <td>-0.390725</td>\n",
       "      <td>-0.062716</td>\n",
       "    </tr>\n",
       "    <tr>\n",
       "      <th>V6</th>\n",
       "      <td>0.039366</td>\n",
       "      <td>0.020603</td>\n",
       "      <td>-0.135680</td>\n",
       "      <td>-0.007930</td>\n",
       "      <td>0.110956</td>\n",
       "      <td>1.000000</td>\n",
       "      <td>-0.019390</td>\n",
       "      <td>-0.015609</td>\n",
       "      <td>-0.001543</td>\n",
       "      <td>0.087286</td>\n",
       "      <td>...</td>\n",
       "      <td>0.068064</td>\n",
       "      <td>-0.064290</td>\n",
       "      <td>0.013235</td>\n",
       "      <td>0.026933</td>\n",
       "      <td>0.088973</td>\n",
       "      <td>-0.049399</td>\n",
       "      <td>-0.062792</td>\n",
       "      <td>0.004314</td>\n",
       "      <td>0.220731</td>\n",
       "      <td>-0.106040</td>\n",
       "    </tr>\n",
       "    <tr>\n",
       "      <th>V7</th>\n",
       "      <td>-0.030594</td>\n",
       "      <td>0.128665</td>\n",
       "      <td>0.154046</td>\n",
       "      <td>-0.101019</td>\n",
       "      <td>-0.139896</td>\n",
       "      <td>-0.019390</td>\n",
       "      <td>1.000000</td>\n",
       "      <td>0.149162</td>\n",
       "      <td>-0.025105</td>\n",
       "      <td>0.141523</td>\n",
       "      <td>...</td>\n",
       "      <td>-0.155986</td>\n",
       "      <td>0.070590</td>\n",
       "      <td>0.013082</td>\n",
       "      <td>0.000126</td>\n",
       "      <td>-0.074627</td>\n",
       "      <td>-0.110701</td>\n",
       "      <td>-0.118737</td>\n",
       "      <td>-0.072620</td>\n",
       "      <td>0.327199</td>\n",
       "      <td>-0.212426</td>\n",
       "    </tr>\n",
       "    <tr>\n",
       "      <th>V8</th>\n",
       "      <td>0.229875</td>\n",
       "      <td>-0.175978</td>\n",
       "      <td>0.000853</td>\n",
       "      <td>0.043786</td>\n",
       "      <td>0.090985</td>\n",
       "      <td>-0.015609</td>\n",
       "      <td>0.149162</td>\n",
       "      <td>1.000000</td>\n",
       "      <td>-0.097410</td>\n",
       "      <td>-0.130051</td>\n",
       "      <td>...</td>\n",
       "      <td>-0.325642</td>\n",
       "      <td>0.159203</td>\n",
       "      <td>-0.070182</td>\n",
       "      <td>0.007444</td>\n",
       "      <td>0.025635</td>\n",
       "      <td>0.029798</td>\n",
       "      <td>0.047551</td>\n",
       "      <td>0.083996</td>\n",
       "      <td>-0.078267</td>\n",
       "      <td>0.059615</td>\n",
       "    </tr>\n",
       "    <tr>\n",
       "      <th>V9</th>\n",
       "      <td>-0.112812</td>\n",
       "      <td>-0.082691</td>\n",
       "      <td>0.159134</td>\n",
       "      <td>-0.145626</td>\n",
       "      <td>-0.037048</td>\n",
       "      <td>-0.001543</td>\n",
       "      <td>-0.025105</td>\n",
       "      <td>-0.097410</td>\n",
       "      <td>1.000000</td>\n",
       "      <td>0.117381</td>\n",
       "      <td>...</td>\n",
       "      <td>-0.006749</td>\n",
       "      <td>0.033390</td>\n",
       "      <td>-0.013199</td>\n",
       "      <td>0.010285</td>\n",
       "      <td>0.120003</td>\n",
       "      <td>0.171552</td>\n",
       "      <td>-0.068005</td>\n",
       "      <td>-0.109917</td>\n",
       "      <td>-0.008967</td>\n",
       "      <td>-0.164610</td>\n",
       "    </tr>\n",
       "    <tr>\n",
       "      <th>V10</th>\n",
       "      <td>-0.183000</td>\n",
       "      <td>0.091576</td>\n",
       "      <td>0.150053</td>\n",
       "      <td>0.023243</td>\n",
       "      <td>0.087350</td>\n",
       "      <td>0.087286</td>\n",
       "      <td>0.141523</td>\n",
       "      <td>-0.130051</td>\n",
       "      <td>0.117381</td>\n",
       "      <td>1.000000</td>\n",
       "      <td>...</td>\n",
       "      <td>0.028390</td>\n",
       "      <td>-0.117229</td>\n",
       "      <td>0.038951</td>\n",
       "      <td>0.039918</td>\n",
       "      <td>0.002935</td>\n",
       "      <td>-0.034280</td>\n",
       "      <td>-0.105927</td>\n",
       "      <td>-0.190802</td>\n",
       "      <td>-0.082573</td>\n",
       "      <td>-0.344365</td>\n",
       "    </tr>\n",
       "    <tr>\n",
       "      <th>V11</th>\n",
       "      <td>0.024134</td>\n",
       "      <td>0.067378</td>\n",
       "      <td>-0.154416</td>\n",
       "      <td>0.055839</td>\n",
       "      <td>-0.040240</td>\n",
       "      <td>-0.105822</td>\n",
       "      <td>-0.114529</td>\n",
       "      <td>0.018134</td>\n",
       "      <td>0.112918</td>\n",
       "      <td>-0.078130</td>\n",
       "      <td>...</td>\n",
       "      <td>0.014825</td>\n",
       "      <td>0.042382</td>\n",
       "      <td>0.080843</td>\n",
       "      <td>0.031768</td>\n",
       "      <td>-0.110412</td>\n",
       "      <td>0.092248</td>\n",
       "      <td>-0.024895</td>\n",
       "      <td>0.007419</td>\n",
       "      <td>-0.035271</td>\n",
       "      <td>0.297231</td>\n",
       "    </tr>\n",
       "    <tr>\n",
       "      <th>V12</th>\n",
       "      <td>-0.025948</td>\n",
       "      <td>-0.038322</td>\n",
       "      <td>0.121509</td>\n",
       "      <td>-0.168405</td>\n",
       "      <td>-0.008333</td>\n",
       "      <td>-0.045194</td>\n",
       "      <td>0.162665</td>\n",
       "      <td>-0.082360</td>\n",
       "      <td>-0.290738</td>\n",
       "      <td>0.144540</td>\n",
       "      <td>...</td>\n",
       "      <td>0.054528</td>\n",
       "      <td>0.111456</td>\n",
       "      <td>-0.036811</td>\n",
       "      <td>0.030500</td>\n",
       "      <td>0.036398</td>\n",
       "      <td>-0.117900</td>\n",
       "      <td>0.049082</td>\n",
       "      <td>-0.008706</td>\n",
       "      <td>0.002266</td>\n",
       "      <td>-0.351070</td>\n",
       "    </tr>\n",
       "    <tr>\n",
       "      <th>V13</th>\n",
       "      <td>0.062048</td>\n",
       "      <td>-0.002920</td>\n",
       "      <td>0.006905</td>\n",
       "      <td>0.107716</td>\n",
       "      <td>0.045676</td>\n",
       "      <td>0.036633</td>\n",
       "      <td>-0.050838</td>\n",
       "      <td>-0.015965</td>\n",
       "      <td>0.233577</td>\n",
       "      <td>-0.044251</td>\n",
       "      <td>...</td>\n",
       "      <td>-0.039389</td>\n",
       "      <td>-0.048915</td>\n",
       "      <td>0.010525</td>\n",
       "      <td>-0.009064</td>\n",
       "      <td>0.028102</td>\n",
       "      <td>0.117457</td>\n",
       "      <td>-0.056281</td>\n",
       "      <td>-0.002297</td>\n",
       "      <td>0.017198</td>\n",
       "      <td>-0.023003</td>\n",
       "    </tr>\n",
       "    <tr>\n",
       "      <th>V14</th>\n",
       "      <td>0.154211</td>\n",
       "      <td>-0.150184</td>\n",
       "      <td>0.254165</td>\n",
       "      <td>-0.092682</td>\n",
       "      <td>-0.024012</td>\n",
       "      <td>0.087151</td>\n",
       "      <td>-0.052438</td>\n",
       "      <td>-0.032924</td>\n",
       "      <td>0.228091</td>\n",
       "      <td>-0.008218</td>\n",
       "      <td>...</td>\n",
       "      <td>-0.030083</td>\n",
       "      <td>-0.091047</td>\n",
       "      <td>0.035569</td>\n",
       "      <td>0.039347</td>\n",
       "      <td>-0.033493</td>\n",
       "      <td>0.095078</td>\n",
       "      <td>-0.062339</td>\n",
       "      <td>0.049155</td>\n",
       "      <td>-0.002704</td>\n",
       "      <td>-0.517690</td>\n",
       "    </tr>\n",
       "    <tr>\n",
       "      <th>V15</th>\n",
       "      <td>0.082548</td>\n",
       "      <td>0.053038</td>\n",
       "      <td>-0.210118</td>\n",
       "      <td>-0.160276</td>\n",
       "      <td>0.117438</td>\n",
       "      <td>-0.081364</td>\n",
       "      <td>0.101651</td>\n",
       "      <td>-0.033809</td>\n",
       "      <td>-0.265978</td>\n",
       "      <td>0.070186</td>\n",
       "      <td>...</td>\n",
       "      <td>0.035702</td>\n",
       "      <td>0.033153</td>\n",
       "      <td>0.015025</td>\n",
       "      <td>-0.003150</td>\n",
       "      <td>-0.097404</td>\n",
       "      <td>-0.096542</td>\n",
       "      <td>0.036859</td>\n",
       "      <td>-0.027863</td>\n",
       "      <td>-0.044795</td>\n",
       "      <td>-0.008601</td>\n",
       "    </tr>\n",
       "    <tr>\n",
       "      <th>V16</th>\n",
       "      <td>0.168851</td>\n",
       "      <td>-0.094555</td>\n",
       "      <td>-0.047838</td>\n",
       "      <td>-0.143538</td>\n",
       "      <td>0.096469</td>\n",
       "      <td>0.065008</td>\n",
       "      <td>-0.005260</td>\n",
       "      <td>0.008121</td>\n",
       "      <td>-0.054229</td>\n",
       "      <td>0.107866</td>\n",
       "      <td>...</td>\n",
       "      <td>-0.044982</td>\n",
       "      <td>-0.138299</td>\n",
       "      <td>0.010359</td>\n",
       "      <td>0.016464</td>\n",
       "      <td>0.110739</td>\n",
       "      <td>0.114779</td>\n",
       "      <td>0.007872</td>\n",
       "      <td>0.037816</td>\n",
       "      <td>0.000296</td>\n",
       "      <td>-0.310866</td>\n",
       "    </tr>\n",
       "    <tr>\n",
       "      <th>V17</th>\n",
       "      <td>0.042545</td>\n",
       "      <td>-0.044265</td>\n",
       "      <td>0.135065</td>\n",
       "      <td>0.132589</td>\n",
       "      <td>-0.044841</td>\n",
       "      <td>0.041729</td>\n",
       "      <td>-0.021267</td>\n",
       "      <td>-0.050632</td>\n",
       "      <td>0.201666</td>\n",
       "      <td>0.079394</td>\n",
       "      <td>...</td>\n",
       "      <td>-0.011140</td>\n",
       "      <td>-0.012476</td>\n",
       "      <td>0.063428</td>\n",
       "      <td>0.004612</td>\n",
       "      <td>-0.072454</td>\n",
       "      <td>-0.037833</td>\n",
       "      <td>-0.040660</td>\n",
       "      <td>-0.031462</td>\n",
       "      <td>0.019614</td>\n",
       "      <td>-0.407361</td>\n",
       "    </tr>\n",
       "    <tr>\n",
       "      <th>V18</th>\n",
       "      <td>-0.018274</td>\n",
       "      <td>0.034435</td>\n",
       "      <td>-0.006361</td>\n",
       "      <td>-0.005389</td>\n",
       "      <td>0.052850</td>\n",
       "      <td>0.004325</td>\n",
       "      <td>0.045848</td>\n",
       "      <td>-0.036527</td>\n",
       "      <td>0.065925</td>\n",
       "      <td>-0.001679</td>\n",
       "      <td>...</td>\n",
       "      <td>0.015451</td>\n",
       "      <td>-0.039893</td>\n",
       "      <td>-0.061729</td>\n",
       "      <td>-0.011267</td>\n",
       "      <td>0.047598</td>\n",
       "      <td>0.072757</td>\n",
       "      <td>0.013064</td>\n",
       "      <td>0.006453</td>\n",
       "      <td>0.030661</td>\n",
       "      <td>-0.129729</td>\n",
       "    </tr>\n",
       "    <tr>\n",
       "      <th>V19</th>\n",
       "      <td>0.002769</td>\n",
       "      <td>-0.014129</td>\n",
       "      <td>-0.058423</td>\n",
       "      <td>0.008096</td>\n",
       "      <td>0.031492</td>\n",
       "      <td>0.105410</td>\n",
       "      <td>-0.023867</td>\n",
       "      <td>0.027693</td>\n",
       "      <td>-0.081208</td>\n",
       "      <td>0.044221</td>\n",
       "      <td>...</td>\n",
       "      <td>0.013825</td>\n",
       "      <td>-0.030790</td>\n",
       "      <td>-0.040860</td>\n",
       "      <td>0.013347</td>\n",
       "      <td>-0.025706</td>\n",
       "      <td>-0.008732</td>\n",
       "      <td>-0.005448</td>\n",
       "      <td>-0.024587</td>\n",
       "      <td>-0.023684</td>\n",
       "      <td>0.015076</td>\n",
       "    </tr>\n",
       "    <tr>\n",
       "      <th>V20</th>\n",
       "      <td>-0.010868</td>\n",
       "      <td>0.068572</td>\n",
       "      <td>-0.078981</td>\n",
       "      <td>-0.042622</td>\n",
       "      <td>-0.006896</td>\n",
       "      <td>0.040161</td>\n",
       "      <td>0.068086</td>\n",
       "      <td>0.056105</td>\n",
       "      <td>0.011383</td>\n",
       "      <td>0.101816</td>\n",
       "      <td>...</td>\n",
       "      <td>-0.278032</td>\n",
       "      <td>0.108640</td>\n",
       "      <td>-0.129960</td>\n",
       "      <td>0.023361</td>\n",
       "      <td>-0.031433</td>\n",
       "      <td>-0.013469</td>\n",
       "      <td>0.011845</td>\n",
       "      <td>-0.011357</td>\n",
       "      <td>0.220940</td>\n",
       "      <td>0.046082</td>\n",
       "    </tr>\n",
       "    <tr>\n",
       "      <th>V21</th>\n",
       "      <td>-0.127609</td>\n",
       "      <td>0.146151</td>\n",
       "      <td>-0.043062</td>\n",
       "      <td>-0.012613</td>\n",
       "      <td>-0.045869</td>\n",
       "      <td>0.068064</td>\n",
       "      <td>-0.155986</td>\n",
       "      <td>-0.325642</td>\n",
       "      <td>-0.006749</td>\n",
       "      <td>0.028390</td>\n",
       "      <td>...</td>\n",
       "      <td>1.000000</td>\n",
       "      <td>-0.311995</td>\n",
       "      <td>0.142386</td>\n",
       "      <td>-0.045813</td>\n",
       "      <td>0.012967</td>\n",
       "      <td>-0.031518</td>\n",
       "      <td>0.013718</td>\n",
       "      <td>0.014751</td>\n",
       "      <td>0.009134</td>\n",
       "      <td>0.053661</td>\n",
       "    </tr>\n",
       "    <tr>\n",
       "      <th>V22</th>\n",
       "      <td>-0.031426</td>\n",
       "      <td>-0.121138</td>\n",
       "      <td>0.273281</td>\n",
       "      <td>0.001773</td>\n",
       "      <td>-0.115156</td>\n",
       "      <td>-0.064290</td>\n",
       "      <td>0.070590</td>\n",
       "      <td>0.159203</td>\n",
       "      <td>0.033390</td>\n",
       "      <td>-0.117229</td>\n",
       "      <td>...</td>\n",
       "      <td>-0.311995</td>\n",
       "      <td>1.000000</td>\n",
       "      <td>-0.074507</td>\n",
       "      <td>0.015364</td>\n",
       "      <td>-0.078337</td>\n",
       "      <td>-0.039091</td>\n",
       "      <td>-0.043234</td>\n",
       "      <td>-0.024227</td>\n",
       "      <td>-0.010189</td>\n",
       "      <td>-0.001170</td>\n",
       "    </tr>\n",
       "    <tr>\n",
       "      <th>V23</th>\n",
       "      <td>-0.116673</td>\n",
       "      <td>0.066026</td>\n",
       "      <td>-0.037822</td>\n",
       "      <td>-0.002443</td>\n",
       "      <td>-0.054987</td>\n",
       "      <td>0.013235</td>\n",
       "      <td>0.013082</td>\n",
       "      <td>-0.070182</td>\n",
       "      <td>-0.013199</td>\n",
       "      <td>0.038951</td>\n",
       "      <td>...</td>\n",
       "      <td>0.142386</td>\n",
       "      <td>-0.074507</td>\n",
       "      <td>1.000000</td>\n",
       "      <td>0.031698</td>\n",
       "      <td>0.032212</td>\n",
       "      <td>0.022253</td>\n",
       "      <td>-0.010986</td>\n",
       "      <td>0.062164</td>\n",
       "      <td>-0.171165</td>\n",
       "      <td>0.001114</td>\n",
       "    </tr>\n",
       "    <tr>\n",
       "      <th>V24</th>\n",
       "      <td>-0.010840</td>\n",
       "      <td>-0.030688</td>\n",
       "      <td>0.026395</td>\n",
       "      <td>-0.054253</td>\n",
       "      <td>0.020278</td>\n",
       "      <td>0.026933</td>\n",
       "      <td>0.000126</td>\n",
       "      <td>0.007444</td>\n",
       "      <td>0.010285</td>\n",
       "      <td>0.039918</td>\n",
       "      <td>...</td>\n",
       "      <td>-0.045813</td>\n",
       "      <td>0.015364</td>\n",
       "      <td>0.031698</td>\n",
       "      <td>1.000000</td>\n",
       "      <td>-0.033253</td>\n",
       "      <td>-0.024394</td>\n",
       "      <td>0.000899</td>\n",
       "      <td>0.023605</td>\n",
       "      <td>0.009241</td>\n",
       "      <td>-0.040781</td>\n",
       "    </tr>\n",
       "    <tr>\n",
       "      <th>V25</th>\n",
       "      <td>0.229927</td>\n",
       "      <td>-0.143618</td>\n",
       "      <td>-0.214339</td>\n",
       "      <td>-0.032193</td>\n",
       "      <td>-0.023284</td>\n",
       "      <td>0.088973</td>\n",
       "      <td>-0.074627</td>\n",
       "      <td>0.025635</td>\n",
       "      <td>0.120003</td>\n",
       "      <td>0.002935</td>\n",
       "      <td>...</td>\n",
       "      <td>0.012967</td>\n",
       "      <td>-0.078337</td>\n",
       "      <td>0.032212</td>\n",
       "      <td>-0.033253</td>\n",
       "      <td>1.000000</td>\n",
       "      <td>-0.074031</td>\n",
       "      <td>0.083202</td>\n",
       "      <td>0.058702</td>\n",
       "      <td>-0.012092</td>\n",
       "      <td>-0.009965</td>\n",
       "    </tr>\n",
       "    <tr>\n",
       "      <th>V26</th>\n",
       "      <td>0.046927</td>\n",
       "      <td>-0.082603</td>\n",
       "      <td>0.071371</td>\n",
       "      <td>0.038373</td>\n",
       "      <td>-0.138154</td>\n",
       "      <td>-0.049399</td>\n",
       "      <td>-0.110701</td>\n",
       "      <td>0.029798</td>\n",
       "      <td>0.171552</td>\n",
       "      <td>-0.034280</td>\n",
       "      <td>...</td>\n",
       "      <td>-0.031518</td>\n",
       "      <td>-0.039091</td>\n",
       "      <td>0.022253</td>\n",
       "      <td>-0.024394</td>\n",
       "      <td>-0.074031</td>\n",
       "      <td>1.000000</td>\n",
       "      <td>-0.023379</td>\n",
       "      <td>0.032007</td>\n",
       "      <td>0.016965</td>\n",
       "      <td>0.022224</td>\n",
       "    </tr>\n",
       "    <tr>\n",
       "      <th>V27</th>\n",
       "      <td>-0.086065</td>\n",
       "      <td>0.005770</td>\n",
       "      <td>-0.113966</td>\n",
       "      <td>0.000274</td>\n",
       "      <td>0.014845</td>\n",
       "      <td>-0.062792</td>\n",
       "      <td>-0.118737</td>\n",
       "      <td>0.047551</td>\n",
       "      <td>-0.068005</td>\n",
       "      <td>-0.105927</td>\n",
       "      <td>...</td>\n",
       "      <td>0.013718</td>\n",
       "      <td>-0.043234</td>\n",
       "      <td>-0.010986</td>\n",
       "      <td>0.000899</td>\n",
       "      <td>0.083202</td>\n",
       "      <td>-0.023379</td>\n",
       "      <td>1.000000</td>\n",
       "      <td>0.290635</td>\n",
       "      <td>0.040907</td>\n",
       "      <td>0.078159</td>\n",
       "    </tr>\n",
       "    <tr>\n",
       "      <th>V28</th>\n",
       "      <td>0.039544</td>\n",
       "      <td>-0.024786</td>\n",
       "      <td>-0.117350</td>\n",
       "      <td>0.034047</td>\n",
       "      <td>-0.149219</td>\n",
       "      <td>0.004314</td>\n",
       "      <td>-0.072620</td>\n",
       "      <td>0.083996</td>\n",
       "      <td>-0.109917</td>\n",
       "      <td>-0.190802</td>\n",
       "      <td>...</td>\n",
       "      <td>0.014751</td>\n",
       "      <td>-0.024227</td>\n",
       "      <td>0.062164</td>\n",
       "      <td>0.023605</td>\n",
       "      <td>0.058702</td>\n",
       "      <td>0.032007</td>\n",
       "      <td>0.290635</td>\n",
       "      <td>1.000000</td>\n",
       "      <td>0.088510</td>\n",
       "      <td>0.081832</td>\n",
       "    </tr>\n",
       "    <tr>\n",
       "      <th>Amount</th>\n",
       "      <td>-0.179394</td>\n",
       "      <td>-0.463937</td>\n",
       "      <td>-0.162460</td>\n",
       "      <td>0.104773</td>\n",
       "      <td>-0.390725</td>\n",
       "      <td>0.220731</td>\n",
       "      <td>0.327199</td>\n",
       "      <td>-0.078267</td>\n",
       "      <td>-0.008967</td>\n",
       "      <td>-0.082573</td>\n",
       "      <td>...</td>\n",
       "      <td>0.009134</td>\n",
       "      <td>-0.010189</td>\n",
       "      <td>-0.171165</td>\n",
       "      <td>0.009241</td>\n",
       "      <td>-0.012092</td>\n",
       "      <td>0.016965</td>\n",
       "      <td>0.040907</td>\n",
       "      <td>0.088510</td>\n",
       "      <td>1.000000</td>\n",
       "      <td>0.004253</td>\n",
       "    </tr>\n",
       "    <tr>\n",
       "      <th>class</th>\n",
       "      <td>-0.063109</td>\n",
       "      <td>0.166618</td>\n",
       "      <td>-0.390122</td>\n",
       "      <td>0.229448</td>\n",
       "      <td>-0.062716</td>\n",
       "      <td>-0.106040</td>\n",
       "      <td>-0.212426</td>\n",
       "      <td>0.059615</td>\n",
       "      <td>-0.164610</td>\n",
       "      <td>-0.344365</td>\n",
       "      <td>...</td>\n",
       "      <td>0.053661</td>\n",
       "      <td>-0.001170</td>\n",
       "      <td>0.001114</td>\n",
       "      <td>-0.040781</td>\n",
       "      <td>-0.009965</td>\n",
       "      <td>0.022224</td>\n",
       "      <td>0.078159</td>\n",
       "      <td>0.081832</td>\n",
       "      <td>0.004253</td>\n",
       "      <td>1.000000</td>\n",
       "    </tr>\n",
       "  </tbody>\n",
       "</table>\n",
       "<p>30 rows × 30 columns</p>\n",
       "</div>"
      ],
      "text/plain": [
       "              V1        V2        V3        V4        V5        V6        V7  \\\n",
       "V1      1.000000 -0.097724 -0.121650  0.048906 -0.195764  0.039366 -0.030594   \n",
       "V2     -0.097724  1.000000 -0.110161  0.073169 -0.061484  0.020603  0.128665   \n",
       "V3     -0.121650 -0.110161  1.000000  0.017932 -0.045608 -0.135680  0.154046   \n",
       "V4      0.048906  0.073169  0.017932  1.000000 -0.091374 -0.007930 -0.101019   \n",
       "V5     -0.195764 -0.061484 -0.045608 -0.091374  1.000000  0.110956 -0.139896   \n",
       "V6      0.039366  0.020603 -0.135680 -0.007930  0.110956  1.000000 -0.019390   \n",
       "V7     -0.030594  0.128665  0.154046 -0.101019 -0.139896 -0.019390  1.000000   \n",
       "V8      0.229875 -0.175978  0.000853  0.043786  0.090985 -0.015609  0.149162   \n",
       "V9     -0.112812 -0.082691  0.159134 -0.145626 -0.037048 -0.001543 -0.025105   \n",
       "V10    -0.183000  0.091576  0.150053  0.023243  0.087350  0.087286  0.141523   \n",
       "V11     0.024134  0.067378 -0.154416  0.055839 -0.040240 -0.105822 -0.114529   \n",
       "V12    -0.025948 -0.038322  0.121509 -0.168405 -0.008333 -0.045194  0.162665   \n",
       "V13     0.062048 -0.002920  0.006905  0.107716  0.045676  0.036633 -0.050838   \n",
       "V14     0.154211 -0.150184  0.254165 -0.092682 -0.024012  0.087151 -0.052438   \n",
       "V15     0.082548  0.053038 -0.210118 -0.160276  0.117438 -0.081364  0.101651   \n",
       "V16     0.168851 -0.094555 -0.047838 -0.143538  0.096469  0.065008 -0.005260   \n",
       "V17     0.042545 -0.044265  0.135065  0.132589 -0.044841  0.041729 -0.021267   \n",
       "V18    -0.018274  0.034435 -0.006361 -0.005389  0.052850  0.004325  0.045848   \n",
       "V19     0.002769 -0.014129 -0.058423  0.008096  0.031492  0.105410 -0.023867   \n",
       "V20    -0.010868  0.068572 -0.078981 -0.042622 -0.006896  0.040161  0.068086   \n",
       "V21    -0.127609  0.146151 -0.043062 -0.012613 -0.045869  0.068064 -0.155986   \n",
       "V22    -0.031426 -0.121138  0.273281  0.001773 -0.115156 -0.064290  0.070590   \n",
       "V23    -0.116673  0.066026 -0.037822 -0.002443 -0.054987  0.013235  0.013082   \n",
       "V24    -0.010840 -0.030688  0.026395 -0.054253  0.020278  0.026933  0.000126   \n",
       "V25     0.229927 -0.143618 -0.214339 -0.032193 -0.023284  0.088973 -0.074627   \n",
       "V26     0.046927 -0.082603  0.071371  0.038373 -0.138154 -0.049399 -0.110701   \n",
       "V27    -0.086065  0.005770 -0.113966  0.000274  0.014845 -0.062792 -0.118737   \n",
       "V28     0.039544 -0.024786 -0.117350  0.034047 -0.149219  0.004314 -0.072620   \n",
       "Amount -0.179394 -0.463937 -0.162460  0.104773 -0.390725  0.220731  0.327199   \n",
       "class  -0.063109  0.166618 -0.390122  0.229448 -0.062716 -0.106040 -0.212426   \n",
       "\n",
       "              V8        V9       V10  ...       V21       V22       V23  \\\n",
       "V1      0.229875 -0.112812 -0.183000  ... -0.127609 -0.031426 -0.116673   \n",
       "V2     -0.175978 -0.082691  0.091576  ...  0.146151 -0.121138  0.066026   \n",
       "V3      0.000853  0.159134  0.150053  ... -0.043062  0.273281 -0.037822   \n",
       "V4      0.043786 -0.145626  0.023243  ... -0.012613  0.001773 -0.002443   \n",
       "V5      0.090985 -0.037048  0.087350  ... -0.045869 -0.115156 -0.054987   \n",
       "V6     -0.015609 -0.001543  0.087286  ...  0.068064 -0.064290  0.013235   \n",
       "V7      0.149162 -0.025105  0.141523  ... -0.155986  0.070590  0.013082   \n",
       "V8      1.000000 -0.097410 -0.130051  ... -0.325642  0.159203 -0.070182   \n",
       "V9     -0.097410  1.000000  0.117381  ... -0.006749  0.033390 -0.013199   \n",
       "V10    -0.130051  0.117381  1.000000  ...  0.028390 -0.117229  0.038951   \n",
       "V11     0.018134  0.112918 -0.078130  ...  0.014825  0.042382  0.080843   \n",
       "V12    -0.082360 -0.290738  0.144540  ...  0.054528  0.111456 -0.036811   \n",
       "V13    -0.015965  0.233577 -0.044251  ... -0.039389 -0.048915  0.010525   \n",
       "V14    -0.032924  0.228091 -0.008218  ... -0.030083 -0.091047  0.035569   \n",
       "V15    -0.033809 -0.265978  0.070186  ...  0.035702  0.033153  0.015025   \n",
       "V16     0.008121 -0.054229  0.107866  ... -0.044982 -0.138299  0.010359   \n",
       "V17    -0.050632  0.201666  0.079394  ... -0.011140 -0.012476  0.063428   \n",
       "V18    -0.036527  0.065925 -0.001679  ...  0.015451 -0.039893 -0.061729   \n",
       "V19     0.027693 -0.081208  0.044221  ...  0.013825 -0.030790 -0.040860   \n",
       "V20     0.056105  0.011383  0.101816  ... -0.278032  0.108640 -0.129960   \n",
       "V21    -0.325642 -0.006749  0.028390  ...  1.000000 -0.311995  0.142386   \n",
       "V22     0.159203  0.033390 -0.117229  ... -0.311995  1.000000 -0.074507   \n",
       "V23    -0.070182 -0.013199  0.038951  ...  0.142386 -0.074507  1.000000   \n",
       "V24     0.007444  0.010285  0.039918  ... -0.045813  0.015364  0.031698   \n",
       "V25     0.025635  0.120003  0.002935  ...  0.012967 -0.078337  0.032212   \n",
       "V26     0.029798  0.171552 -0.034280  ... -0.031518 -0.039091  0.022253   \n",
       "V27     0.047551 -0.068005 -0.105927  ...  0.013718 -0.043234 -0.010986   \n",
       "V28     0.083996 -0.109917 -0.190802  ...  0.014751 -0.024227  0.062164   \n",
       "Amount -0.078267 -0.008967 -0.082573  ...  0.009134 -0.010189 -0.171165   \n",
       "class   0.059615 -0.164610 -0.344365  ...  0.053661 -0.001170  0.001114   \n",
       "\n",
       "             V24       V25       V26       V27       V28    Amount     class  \n",
       "V1     -0.010840  0.229927  0.046927 -0.086065  0.039544 -0.179394 -0.063109  \n",
       "V2     -0.030688 -0.143618 -0.082603  0.005770 -0.024786 -0.463937  0.166618  \n",
       "V3      0.026395 -0.214339  0.071371 -0.113966 -0.117350 -0.162460 -0.390122  \n",
       "V4     -0.054253 -0.032193  0.038373  0.000274  0.034047  0.104773  0.229448  \n",
       "V5      0.020278 -0.023284 -0.138154  0.014845 -0.149219 -0.390725 -0.062716  \n",
       "V6      0.026933  0.088973 -0.049399 -0.062792  0.004314  0.220731 -0.106040  \n",
       "V7      0.000126 -0.074627 -0.110701 -0.118737 -0.072620  0.327199 -0.212426  \n",
       "V8      0.007444  0.025635  0.029798  0.047551  0.083996 -0.078267  0.059615  \n",
       "V9      0.010285  0.120003  0.171552 -0.068005 -0.109917 -0.008967 -0.164610  \n",
       "V10     0.039918  0.002935 -0.034280 -0.105927 -0.190802 -0.082573 -0.344365  \n",
       "V11     0.031768 -0.110412  0.092248 -0.024895  0.007419 -0.035271  0.297231  \n",
       "V12     0.030500  0.036398 -0.117900  0.049082 -0.008706  0.002266 -0.351070  \n",
       "V13    -0.009064  0.028102  0.117457 -0.056281 -0.002297  0.017198 -0.023003  \n",
       "V14     0.039347 -0.033493  0.095078 -0.062339  0.049155 -0.002704 -0.517690  \n",
       "V15    -0.003150 -0.097404 -0.096542  0.036859 -0.027863 -0.044795 -0.008601  \n",
       "V16     0.016464  0.110739  0.114779  0.007872  0.037816  0.000296 -0.310866  \n",
       "V17     0.004612 -0.072454 -0.037833 -0.040660 -0.031462  0.019614 -0.407361  \n",
       "V18    -0.011267  0.047598  0.072757  0.013064  0.006453  0.030661 -0.129729  \n",
       "V19     0.013347 -0.025706 -0.008732 -0.005448 -0.024587 -0.023684  0.015076  \n",
       "V20     0.023361 -0.031433 -0.013469  0.011845 -0.011357  0.220940  0.046082  \n",
       "V21    -0.045813  0.012967 -0.031518  0.013718  0.014751  0.009134  0.053661  \n",
       "V22     0.015364 -0.078337 -0.039091 -0.043234 -0.024227 -0.010189 -0.001170  \n",
       "V23     0.031698  0.032212  0.022253 -0.010986  0.062164 -0.171165  0.001114  \n",
       "V24     1.000000 -0.033253 -0.024394  0.000899  0.023605  0.009241 -0.040781  \n",
       "V25    -0.033253  1.000000 -0.074031  0.083202  0.058702 -0.012092 -0.009965  \n",
       "V26    -0.024394 -0.074031  1.000000 -0.023379  0.032007  0.016965  0.022224  \n",
       "V27     0.000899  0.083202 -0.023379  1.000000  0.290635  0.040907  0.078159  \n",
       "V28     0.023605  0.058702  0.032007  0.290635  1.000000  0.088510  0.081832  \n",
       "Amount  0.009241 -0.012092  0.016965  0.040907  0.088510  1.000000  0.004253  \n",
       "class  -0.040781 -0.009965  0.022224  0.078159  0.081832  0.004253  1.000000  \n",
       "\n",
       "[30 rows x 30 columns]"
      ]
     },
     "execution_count": 3,
     "metadata": {},
     "output_type": "execute_result"
    }
   ],
   "source": [
    "correlation_matrix = df.corr()\n",
    "correlation_matrix"
   ]
  },
  {
   "cell_type": "code",
   "execution_count": 4,
   "metadata": {},
   "outputs": [
    {
     "data": {
      "text/plain": [
       "<Axes: >"
      ]
     },
     "execution_count": 4,
     "metadata": {},
     "output_type": "execute_result"
    },
    {
     "data": {
